#Layer_Color=32768
#
#Feature symbol names
#
$0 r1.9685

#
#Feature attribute names
#

#
#Layer features
#
A 0.1594203 0.4038506 0.1594203 0.4038506 0.1495778 0.4038506 0 P 0 N
A 0.1698425 0.7597482 0.1698425 0.7597482 0.16 0.7597482 0 P 0 N
A 0.1754811 0.5304857 0.1754811 0.5304857 0.1656386 0.5304857 0 P 0 N
A 0.3868954 0.1110947 0.3868954 0.1110947 0.3803993 0.1110947 0 P 0 N
A 0.4232283 0.2427208 0.4232283 0.2427208 0.4133858 0.2427208 0 P 0 N
A 0.5201722 0.2210091 0.5201722 0.2210091 0.5133809 0.2210091 0 P 0 N
A 0.526618 0.2807563 0.526618 0.2807563 0.5201219 0.2807563 0 P 0 N
A 0.5330184 0.1181102 0.5330184 0.1181102 0.5231759 0.1181102 0 P 0 N
A 0.6068978 0.2740472 0.6068978 0.2740472 0.5980395 0.2740472 0 P 0 N
A 0.6267815 0.6889764 0.6267815 0.6889764 0.616939 0.6889764 0 P 0 N
A 0.64547 1.2167315 0.64547 1.2167315 0.6356275 1.2167315 0 P 0 N
A 0.6588901 0.1152991 0.6588901 0.1152991 0.652394 0.1152991 0 P 0 N
A 0.9038419 1.1023622 0.9038419 1.1023622 0.8939994 1.1023622 0 P 0 N
A 0.9315229 0.0967205 0.9315229 0.0967205 0.9216804 0.0967205 0 P 0 N
A 0.9985156 0.41 0.9985156 0.41 0.9886731 0.41 0 P 0 N
A 1.1848425 0.9 1.1848425 0.9 1.175 0.9 0 P 0 N
A 1.3288425 0.1005154 1.3288425 0.1005154 1.319 0.1005154 0 P 0 N
A 1.6448425 0.6889764 1.6448425 0.6889764 1.635 0.6889764 0 P 0 N
A 2.1842519 0.6889764 2.1842519 0.6889764 2.1744094 0.6889764 0 P 0 N
A 2.207262 1.013013 2.207262 1.013013 2.1974195 1.013013 0 P 0 N
L 0.0826487 0.3684175 0.0826487 0.4392837 0 P 0
L 0.0826487 0.3684175 0.0922943 0.3684175 0 P 0
L 0.0826487 0.4392837 0.1296959 0.4392837 0 P 0
L 0.0851969 0.5766773 0.0851969 0.6436065 0 P 0
L 0.0851969 0.5766773 0.175748 0.5766773 0 P 0
L 0.0851969 0.6436065 0.0930709 0.6436065 0 P 0
L 0.0851969 0.8758899 0.0851969 0.9428191 0 P 0
L 0.0851969 0.8758899 0.0930709 0.8758899 0 P 0
L 0.0851969 0.9428191 0.175748 0.9428191 0 P 0
L 0.0922943 0.3384963 0.0922943 0.3684175 0 P 0
L 0.0922943 0.3384963 0.2068613 0.3384963 0 P 0
L 0.0930709 0.6436065 0.0930709 0.8758899 0 P 0
L 0.1022528 0.4954463 0.1022528 0.5655251 0 P 0
L 0.1022528 0.4954463 0.2290244 0.4954463 0 P 0
L 0.1022528 0.5655251 0.2290244 0.5655251 0 P 0
L 0.1296959 0.4392837 0.1296959 0.4692049 0 P 0
L 0.1296959 0.4692049 0.1694597 0.4692049 0 P 0
L 0.1357983 0.4038506 0.1633573 0.4038506 0 P 0
L 0.1462205 0.7597482 0.1737795 0.7597482 0 P 0
L 0.1495778 0.3900711 0.1495778 0.4176301 0 P 0
L 0.1518591 0.5304857 0.1794181 0.5304857 0 P 0
L 0.16 0.7459687 0.16 0.7735277 0 P 0
L 0.1656386 0.5167062 0.1656386 0.5442652 0 P 0
L 0.1694597 0.4392837 0.1694597 0.4692049 0 P 0
L 0.1694597 0.4392837 0.2165069 0.4392837 0 P 0
L 0.175748 0.5766773 0.175748 0.5924254 0 P 0
L 0.175748 0.5924254 0.2269291 0.5924254 0 P 0
L 0.175748 0.927071 0.175748 0.9428191 0 P 0
L 0.175748 0.927071 0.2269291 0.927071 0 P 0
L 0.2068613 0.3384963 0.2068613 0.3684175 0 P 0
L 0.2068613 0.3684175 0.2165069 0.3684175 0 P 0
L 0.2165069 0.3684175 0.2165069 0.4392837 0 P 0
L 0.2269291 0.5924254 0.2269291 0.6396695 0 P 0
L 0.2269291 0.6396695 0.2702362 0.6396695 0 P 0
L 0.2269291 0.8798269 0.2269291 0.927071 0 P 0
L 0.2269291 0.8798269 0.2702362 0.8798269 0 P 0
L 0.2290244 0.4954463 0.2290244 0.5655251 0 P 0
L 0.2702362 0.6396695 0.2702362 0.8798269 0 P 0
L 0.3535433 0.2013822 0.3535433 1.1840594 0 P 0
L 0.3535433 0.2013822 0.4732283 0.2013822 0 P 0
L 0.3535433 1.1840594 0.4732283 1.1840594 0 P 0
L 0.3630765 0.0795986 0.3630765 0.1425908 0 P 0
L 0.3630765 0.0795986 0.3977221 0.0795986 0 P 0
L 0.3630765 0.1425908 0.3977221 0.1425908 0 P 0
L 0.3717379 0.1110947 0.3890607 0.1110947 0 P 0
L 0.3803993 0.1024333 0.3803993 0.1197561 0 P 0
L 0.3977221 0.0795986 0.3977221 0.1425908 0 P 0
L 0.3996063 0.2427208 0.4271653 0.2427208 0 P 0
L 0.4133858 0.2289413 0.4133858 0.2565003 0 P 0
L 0.4365617 0.0592519 0.4365617 0.1769685 0 P 0
L 0.4365617 0.0592519 0.4779003 0.0592519 0 P 0
L 0.4365617 0.1769685 0.4779003 0.1769685 0 P 0
L 0.4732283 0.2013822 0.4732283 1.1840594 0 P 0
L 0.4771604 0.2028989 0.4771604 0.2391193 0 P 0
L 0.4771604 0.2028989 0.5496014 0.2028989 0 P 0
L 0.4771604 0.2391193 0.5496014 0.2391193 0 P 0
L 0.4779003 0.0472441 0.4779003 0.0592519 0 P 0
L 0.4779003 0.0472441 0.5684515 0.0472441 0 P 0
L 0.4779003 0.1769685 0.4779003 0.1889763 0 P 0
L 0.4779003 0.1889763 0.5684515 0.1889763 0 P 0
L 0.4886258 0.2634335 0.4886258 0.2980791 0 P 0
L 0.4886258 0.2634335 0.551618 0.2634335 0 P 0
L 0.4886258 0.2980791 0.551618 0.2980791 0 P 0
L 0.5043258 0.2210091 0.522436 0.2210091 0 P 0
L 0.5093964 0.1181102 0.5369554 0.1181102 0 P 0
L 0.5114605 0.2807563 0.5287833 0.2807563 0 P 0
L 0.5133809 0.211954 0.5133809 0.2300642 0 P 0
L 0.5201219 0.2720949 0.5201219 0.2894177 0 P 0
L 0.5231759 0.1043307 0.5231759 0.1318897 0 P 0
L 0.5396752 0.425197 0.5396752 0.433071 0 P 0
L 0.5396752 0.425197 0.6341634 0.425197 0 P 0
L 0.5396752 0.433071 0.5396752 0.952756 0 P 0
L 0.5396752 0.952756 0.6341634 0.952756 0 P 0
L 0.5496014 0.2028989 0.5496014 0.2391193 0 P 0
L 0.551618 0.2634335 0.551618 0.2980791 0 P 0
L 0.5567009 0.2602677 0.5567009 0.2878267 0 P 0
L 0.5567009 0.2602677 0.5649686 0.2602677 0 P 0
L 0.5567009 0.2878267 0.5649686 0.2878267 0 P 0
L 0.5627929 1.1753929 0.5627929 1.2580701 0 P 0
L 0.5627929 1.1753929 0.7084621 1.1753929 0 P 0
L 0.5627929 1.2580701 0.7084621 1.2580701 0 P 0
L 0.5649686 0.2488503 0.5649686 0.2602677 0 P 0
L 0.5649686 0.2488503 0.6311104 0.2488503 0 P 0
L 0.5649686 0.2878267 0.5649686 0.2992441 0 P 0
L 0.5649686 0.2992441 0.6311104 0.2992441 0 P 0
L 0.5684515 0.0472441 0.5684515 0.0592519 0 P 0
L 0.5684515 0.0592519 0.6097901 0.0592519 0 P 0
L 0.5684515 0.1769685 0.5684515 0.1889763 0 P 0
L 0.5684515 0.1769685 0.6097901 0.1769685 0 P 0
L 0.5862285 0.2740472 0.6098505 0.2740472 0 P 0
L 0.5980395 0.2622362 0.5980395 0.2858582 0 P 0
L 0.6031595 0.6889764 0.6307185 0.6889764 0 P 0
L 0.6097901 0.0592519 0.6097901 0.1769685 0 P 0
L 0.616939 0.6751969 0.616939 0.7027559 0 P 0
L 0.621848 1.2167315 0.649407 1.2167315 0 P 0
L 0.6311104 0.2488503 0.6311104 0.2602677 0 P 0
L 0.6311104 0.2602677 0.6393781 0.2602677 0 P 0
L 0.6311104 0.2878267 0.6311104 0.2992441 0 P 0
L 0.6311104 0.2878267 0.6393781 0.2878267 0 P 0
L 0.6341634 0.425197 0.6341634 0.433071 0 P 0
L 0.6341634 0.433071 0.6943996 0.433071 0 P 0
L 0.6341634 0.944882 0.6341634 0.952756 0 P 0
L 0.6341634 0.944882 0.6943996 0.944882 0 P 0
L 0.6350712 0.083803 0.6350712 0.1467952 0 P 0
L 0.6350712 0.083803 0.6697168 0.083803 0 P 0
L 0.6350712 0.1467952 0.6697168 0.1467952 0 P 0
L 0.6356275 1.202952 0.6356275 1.230511 0 P 0
L 0.6393781 0.2602677 0.6393781 0.2878267 0 P 0
L 0.6437326 0.1152991 0.6610554 0.1152991 0 P 0
L 0.652394 0.1066377 0.652394 0.1239605 0 P 0
L 0.6697168 0.083803 0.6697168 0.1467952 0 P 0
L 0.6943996 0.433071 0.6943996 0.4881891 0 P 0
L 0.6943996 0.4881891 0.7298327 0.4881891 0 P 0
L 0.6943996 0.8897639 0.6943996 0.944882 0 P 0
L 0.6943996 0.8897639 0.7298327 0.8897639 0 P 0
L 0.7084621 1.1753929 0.7084621 1.2580701 0 P 0
L 0.7298327 0.4881891 0.7298327 0.8897639 0 P 0
L 0.8025859 0.0095158 0.8025859 0.1839252 0 P 0
L 0.8025859 0.0095158 1.0407749 0.0095158 0 P 0
L 0.8025859 0.1839252 1.0407749 0.1839252 0 P 0
L 0.8231333 0.9074803 0.8231333 0.9744095 0 P 0
L 0.8231333 0.9074803 0.9097475 0.9074803 0 P 0
L 0.8231333 0.9744095 0.8251018 0.9744095 0 P 0
L 0.8231333 1.230315 0.8231333 1.2972441 0 P 0
L 0.8231333 1.230315 0.8251018 1.230315 0 P 0
L 0.8231333 1.2974409 0.9097475 1.2972441 0 P 0
L 0.8251018 0.9744095 0.8251018 1.230315 0 P 0
L 0.836114 0.2722047 0.836114 0.5477953 0 P 0
L 0.836114 0.2722047 1.1412322 0.2722047 0 P 0
L 0.836114 0.5477953 1.1412322 0.5477953 0 P 0
L 0.8802199 1.1023622 0.9077789 1.1023622 0 P 0
L 0.8939994 1.0885827 0.8939994 1.1161417 0 P 0
L 0.9079009 0.0967205 0.9354599 0.0967205 0 P 0
L 0.9097475 0.9074803 0.9097475 0.9133859 0 P 0
L 0.9097475 0.9133859 0.943212 0.9133859 0 P 0
L 0.9097475 1.2913386 0.9097475 1.2972441 0 P 0
L 0.9097475 1.2913386 0.943212 1.2913386 0 P 0
L 0.9216804 0.082941 0.9216804 0.1105 0 P 0
L 0.943212 0.9133859 0.943212 0.972441 0 P 0
L 0.943212 0.972441 0.9530545 0.972441 0 P 0
L 0.943212 1.2322835 0.943212 1.2913386 0 P 0
L 0.943212 1.2322835 0.9530545 1.2322835 0 P 0
L 0.9530545 0.972441 0.9530545 1.2322835 0 P 0
L 0.9748936 0.41 1.0024526 0.41 0 P 0
L 0.9886731 0.3962205 0.9886731 0.4237795 0 P 0
L 1.030315 0.605315 1.030315 1.094685 0 P 0
L 1.030315 0.605315 1.105315 0.605315 0 P 0
L 1.030315 1.094685 1.105315 1.094685 0 P 0
L 1.0407749 0.0095158 1.0407749 0.1839252 0 P 0
L 1.105315 0.580315 1.105315 0.605315 0 P 0
L 1.105315 0.580315 1.244685 0.580315 0 P 0
L 1.105315 1.094685 1.105315 1.219685 0 P 0
L 1.105315 1.219685 1.244685 1.219685 0 P 0
L 1.1412322 0.2722047 1.1412322 0.5477953 0 P 0
L 1.1612205 0.9 1.1887795 0.9 0 P 0
L 1.175 0.8862205 1.175 0.9137795 0 P 0
L 1.2026614 0.0416571 1.2026614 0.1593737 0 P 0
L 1.2026614 0.0416571 1.4353386 0.0416571 0 P 0
L 1.2026614 0.1593737 1.4353386 0.1593737 0 P 0
L 1.244685 0.580315 1.244685 0.705315 0 P 0
L 1.244685 0.705315 1.319685 0.705315 0 P 0
L 1.244685 1.194685 1.244685 1.219685 0 P 0
L 1.244685 1.194685 1.319685 1.194685 0 P 0
L 1.3052205 0.1005154 1.3327795 0.1005154 0 P 0
L 1.319 0.0867359 1.319 0.1142949 0 P 0
L 1.319685 0.705315 1.319685 1.194685 0 P 0
L 1.3802756 0.1942914 1.3802756 1.1836614 0 P 0
L 1.3802756 0.1942914 1.4326378 0.1942914 0 P 0
L 1.3802756 1.1836614 1.4326378 1.1836614 0 P 0
L 1.4326378 0.0192914 1.4326378 0.1942914 0 P 0
L 1.4326378 0.0192914 1.8373622 0.0192914 0 P 0
L 1.4326378 1.1836614 1.4326378 1.3586614 0 P 0
L 1.4326378 1.3586614 1.8373622 1.3586614 0 P 0
L 1.4353386 0.0416571 1.4353386 0.1593737 0 P 0
L 1.6212205 0.6889764 1.6487795 0.6889764 0 P 0
L 1.635 0.6751969 1.635 0.7027559 0 P 0
L 1.8373622 0.0192914 1.8373622 0.1942914 0 P 0
L 1.8373622 0.1942914 1.8897244 0.1942914 0 P 0
L 1.8373622 1.1836614 1.8373622 1.3586614 0 P 0
L 1.8373622 1.1836614 1.8897244 1.1836614 0 P 0
L 1.8897244 0.1942914 1.8897244 1.1836614 0 P 0
L 2.0232283 0.4183071 2.0232283 0.439567 0 P 0
L 2.0232283 0.4183071 2.3255905 0.4183071 0 P 0
L 2.0232283 0.439567 2.0232283 0.9383858 0 P 0
L 2.0232283 0.9383858 2.0232283 0.9586614 0 P 0
L 2.0232283 0.9586614 2.3255905 0.9586614 0 P 0
L 2.1245849 0.9716744 2.1245849 1.0543516 0 P 0
L 2.1245849 0.9716744 2.2702541 0.9716744 0 P 0
L 2.1245849 1.0543516 2.2702541 1.0543516 0 P 0
L 2.1606299 0.6889764 2.1881889 0.6889764 0 P 0
L 2.1744094 0.6751969 2.1744094 0.7027559 0 P 0
L 2.18364 1.013013 2.211199 1.013013 0 P 0
L 2.1974195 0.9992335 2.1974195 1.0267925 0 P 0
L 2.2702541 0.9716744 2.2702541 1.0543516 0 P 0
L 2.3255905 0.4183071 2.3255905 0.439567 0 P 0
L 2.3255905 0.439567 2.3255905 0.9383858 0 P 0
L 2.3255905 0.9383858 2.3255905 0.9586614 0 P 0
