#Layer_Color=32768
#
#Feature symbol names
#
$0 r4.7244
$1 r3.937
$2 r1.9685

#
#Feature attribute names
#

#
#Layer features
#
L 0.0905227 0.3946644 0.0905227 0.4314097 0 P 0
L 0.0905227 0.3946644 0.1088955 0.3762915 0 P 0
L 0.0905227 0.4314097 0.2086329 0.4314097 0 P 0
L 0.1029134 0.6022679 0.1029134 0.9172285 0 P 0
L 0.1029134 0.6022679 0.2170866 0.6022679 0 P 0
L 0.1029134 0.9172285 0.2170866 0.9172285 0 P 0
L 0.1088955 0.3762915 0.2086329 0.3762915 0 P 0
L 0.1204439 0.377079 0.1298927 0.3959766 0 P 0
L 0.1220187 0.3999136 0.1377667 0.3920396 0 P 0
L 0.1220187 0.3999136 0.1377667 0.4117246 0 P 0
L 0.1223315 0.503714 0.1223315 0.5572574 0 P 0
L 0.1223315 0.503714 0.2089457 0.503714 0 P 0
L 0.1223315 0.5572574 0.2089457 0.5572574 0 P 0
L 0.1298927 0.4156616 0.1456408 0.4077876 0 P 0
L 0.1377667 0.3920396 0.1377667 0.4117246 0 P 0
L 0.1377667 0.4117246 0.1472156 0.4306223 0 P 0
L 0.1691134 0.661323 0.2018453 0.6424254 0 P 0
L 0.1691134 0.661323 0.2018453 0.6802206 0 P 0
L 0.2018453 0.6424254 0.2018453 0.6802206 0 P 0
L 0.2086329 0.3762915 0.2086329 0.4314097 0 P 0
L 0.2089457 0.503714 0.2089457 0.5572574 0 P 0
L 0.2170866 0.6022679 0.2170866 0.9172285 0 P 0
L 0.3633858 0.2883901 0.3633858 1.0970515 0 P 0
L 0.3633858 0.2883901 0.4633858 0.2883901 0 P 0
L 0.3633858 1.0970515 0.4633858 1.0970515 0 P 0
L 0.3693757 0.0902286 0.3693757 0.1319608 0 P 0
L 0.3693757 0.0902286 0.3914229 0.0902286 0 P 0
L 0.3693757 0.1319608 0.3914229 0.1319608 0 P 0
L 0.3914229 0.0902286 0.3914229 0.1319608 0 P 0
L 0.4633858 0.2883901 0.4633858 1.0970515 0 P 0
L 0.4877428 0.0570866 0.4877428 0.1791338 0 P 0
L 0.4877428 0.0570866 0.558609 0.0570866 0 P 0
L 0.4877428 0.1791338 0.558609 0.1791338 0 P 0
L 0.4917274 0.2091981 0.4917274 0.2328201 0 P 0
L 0.4917274 0.2091981 0.5350344 0.2091981 0 P 0
L 0.4917274 0.2328201 0.5350344 0.2328201 0 P 0
L 0.4992558 0.2697327 0.4992558 0.2917799 0 P 0
L 0.4992558 0.2697327 0.540988 0.2697327 0 P 0
L 0.4992558 0.2917799 0.540988 0.2917799 0 P 0
L 0.5350344 0.2091981 0.5350344 0.2328201 0 P 0
L 0.540988 0.2697327 0.540988 0.2917799 0 P 0
L 0.558609 0.0570866 0.558609 0.1791338 0 P 0
L 0.5593602 0.452756 0.5593602 0.925197 0 P 0
L 0.5593602 0.452756 0.6747146 0.452756 0 P 0
L 0.5593602 0.925197 0.6747146 0.925197 0 P 0
L 0.5724489 0.2563307 0.5724489 0.2917637 0 P 0
L 0.5724489 0.2563307 0.611819 0.2563307 0 P 0
L 0.5724489 0.2917637 0.6236301 0.2917637 0 P 0
L 0.5824779 1.1970465 0.5824779 1.2364165 2 P 0
L 0.5824779 1.1970465 0.6887771 1.1970465 2 P 0
L 0.5824779 1.2364165 0.6887771 1.2364165 2 P 0
L 0.611819 0.2563307 0.6236301 0.2681417 0 P 0
L 0.6203792 0.5115134 0.6556682 0.4911393 0 P 0
L 0.6203792 0.5115134 0.6556682 0.5318874 0 P 0
L 0.6236301 0.2681417 0.6236301 0.2917637 0 P 0
L 0.6413704 0.094433 0.6413704 0.1361652 0 P 0
L 0.6413704 0.094433 0.6634176 0.094433 0 P 0
L 0.6413704 0.1361652 0.6634176 0.1361652 0 P 0
L 0.6556682 0.4911393 0.6556682 0.5318874 0 P 0
L 0.6634176 0.094433 0.6634176 0.1361652 0 P 0
L 0.6747146 0.452756 0.6747146 0.925197 0 P 0
L 0.6887771 1.1970465 0.6887771 1.2364165 2 P 0
L 0.8370347 0.0317599 0.8370347 0.1616811 0 P 0
L 0.8370347 0.0317599 1.0063261 0.0317599 0 P 0
L 0.8370347 0.1616811 1.0063261 0.1616811 0 P 0
L 0.8447868 0.9330709 0.8447868 1.2716535 0 P 0
L 0.8447868 0.9330709 0.923527 0.9330709 0 P 0
L 0.8447868 1.2716535 0.923527 1.2716535 0 P 0
L 0.8744999 0.2840157 0.8744999 0.5359843 0 P 0
L 0.8744999 0.2840157 1.1028463 0.2840157 0 P 0
L 0.8744999 0.5359843 1.1028463 0.5359843 0 P 0
L 0.8809955 0.992126 0.9086124 0.9761811 0 P 0
L 0.8809955 0.992126 0.9086124 1.0080709 0 P 0
L 0.9086124 0.9761811 0.9086124 1.0080709 0 P 0
L 0.923527 0.9330709 0.923527 1.2716535 0 P 0
L 1.0063261 0.0317599 1.0063261 0.1616811 0 P 0
L 1.027244 0.3105906 1.0548609 0.2946457 0 P 0
L 1.027244 0.3105906 1.0548609 0.3265355 0 P 0
L 1.0548609 0.2946457 1.0548609 0.3265355 0 P 0
L 1.1028463 0.2840157 1.1028463 0.5359843 0 P 0
L 1.125 0.6 1.125 1.2 0 P 0
L 1.125 0.6 1.225 0.6 0 P 0
L 1.125 1.2 1.225 1.2 0 P 0
L 1.1787354 1.15 1.2140244 1.129626 0 P 0
L 1.1787354 1.15 1.2140244 1.170374 0 P 0
L 1.2138819 0.0532713 1.2138819 0.1477595 1 P 0
L 1.2138819 0.0532713 1.4225433 0.0532713 1 P 0
L 1.2138819 0.1477595 1.4225433 0.1477595 1 P 0
L 1.2140244 1.129626 1.2140244 1.170374 0 P 0
L 1.2217559 0.0532713 1.2217559 0.1477595 1 P 0
L 1.225 0.6 1.225 1.2 0 P 0
L 1.4225433 0.0532713 1.4225433 0.1477595 1 P 0
L 1.4523228 0.0389764 1.4523228 1.3389764 0 P 0
L 1.4523228 0.0389764 1.8176772 0.0389764 0 P 0
L 1.4523228 1.3389764 1.8176772 1.3389764 0 P 0
L 1.7384984 0.1653544 1.7993587 0.1302166 0 P 0
L 1.7384984 0.1653544 1.7993587 0.2004921 0 P 0
L 1.7993587 0.1302166 1.7993587 0.2004921 0 P 0
L 1.8176772 0.0389764 1.8176772 1.3389764 0 P 0
L 2.0429133 0.4291339 2.0429133 0.9478347 0 P 0
L 2.0429133 0.4291339 2.3059055 0.4291339 0 P 0
L 2.0429133 0.9478347 2.3059055 0.9478347 0 P 0
L 2.1442699 0.993328 2.1442699 1.032698 2 P 0
L 2.1442699 0.993328 2.2505691 0.993328 2 P 0
L 2.1442699 1.032698 2.2505691 1.032698 2 P 0
L 2.2240188 0.4675196 2.2669791 0.4427165 0 P 0
L 2.2240188 0.4675196 2.2669791 0.4923228 0 P 0
L 2.2505691 0.993328 2.2505691 1.032698 2 P 0
L 2.2669791 0.4427165 2.2669791 0.4923228 0 P 0
L 2.3059055 0.4291339 2.3059055 0.9478347 0 P 0
