#Layer_Color=32896
#
#Feature symbol names
#
$0 r0.9843

#
#Feature attribute names
#

#
#Layer features
#
A 0.5550274 0.3683001 0.5943975 0.32893 0.5943975 0.3683001 0 P 0 N
A 0.5943975 0.4076702 0.5550274 0.3683001 0.5943975 0.3683001 0 P 0 N
A 0.6101455 0.32893 0.6495156 0.3683001 0.6101455 0.3683001 0 P 0 N
A 0.6495156 0.3683001 0.6101455 0.4076702 0.6101455 0.3683001 0 P 0 N
L 0.0924912 0.37826 0.0924912 0.4294412 0 P 0
L 0.0924912 0.37826 0.2066644 0.37826 0 P 0
L 0.0924912 0.4294412 0.2066644 0.4294412 0 P 0
L 0.1029134 0.6022679 0.1029134 0.9172285 0 P 0
L 0.1029134 0.6022679 0.2170866 0.6022679 0 P 0
L 0.1029134 0.9172285 0.2170866 0.9172285 0 P 0
L 0.1037117 0.358575 0.1037117 0.370386 0 P 0
L 0.1037117 0.358575 0.1206408 0.358575 0 P 0
L 0.1037117 0.370386 0.1206408 0.370386 0 P 0
L 0.1206408 0.358575 0.1206408 0.370386 0 P 0
L 0.1262685 0.5058794 0.1262685 0.555092 0 P 0
L 0.1262685 0.5058794 0.1262685 0.555092 0 P 0
L 0.1262685 0.5058794 0.1420166 0.5058794 0 P 0
L 0.1262685 0.5058794 0.2050087 0.5058794 0 P 0
L 0.1262685 0.555092 0.1420166 0.555092 0 P 0
L 0.1262685 0.555092 0.2050087 0.555092 0 P 0
L 0.1411132 0.4373152 0.1411132 0.4491262 0 P 0
L 0.1411132 0.4373152 0.1580424 0.4373152 0 P 0
L 0.1411132 0.4491262 0.1580424 0.4491262 0 P 0
L 0.1420166 0.5058794 0.1420166 0.555092 0 P 0
L 0.1580424 0.4373152 0.1580424 0.4491262 0 P 0
L 0.1785148 0.358575 0.1785148 0.370386 0 P 0
L 0.1785148 0.358575 0.1954439 0.358575 0 P 0
L 0.1785148 0.370386 0.1954439 0.370386 0 P 0
L 0.1892606 0.5058794 0.1892606 0.555092 0 P 0
L 0.1892606 0.5058794 0.2050087 0.5058794 0 P 0
L 0.1892606 0.555092 0.2050087 0.555092 0 P 0
L 0.1954439 0.358575 0.1954439 0.370386 0 P 0
L 0.2050087 0.5058794 0.2050087 0.555092 0 P 0
L 0.2050087 0.5058794 0.2050087 0.555092 0 P 0
L 0.2066644 0.37826 0.2066644 0.4294412 0 P 0
L 0.2170866 0.6022679 0.2170866 0.9172285 0 P 0
L 0.3633858 0.2883901 0.3633858 1.0970515 0 P 0
L 0.3633858 0.2883901 0.4633858 0.2883901 0 P 0
L 0.3633858 1.0970515 0.4633858 1.0970515 0 P 0
L 0.3705568 0.0914097 0.3705568 0.1012522 0 P 0
L 0.3705568 0.0914097 0.3705568 0.1307797 0 P 0
L 0.3705568 0.0914097 0.3902418 0.0914097 0 P 0
L 0.3705568 0.0914097 0.3902418 0.0914097 0 P 0
L 0.3705568 0.1012522 0.3902418 0.1012522 0 P 0
L 0.3705568 0.1209372 0.3705568 0.1307797 0 P 0
L 0.3705568 0.1209372 0.3902418 0.1209372 0 P 0
L 0.3705568 0.1307797 0.3902418 0.1307797 0 P 0
L 0.3705568 0.1307797 0.3902418 0.1307797 0 P 0
L 0.3902418 0.0914097 0.3902418 0.1012522 0 P 0
L 0.3902418 0.0914097 0.3902418 0.1307797 0 P 0
L 0.3902418 0.1209372 0.3902418 0.1307797 0 P 0
L 0.4007874 0.2301224 0.4007874 0.2553192 0 P 0
L 0.4007874 0.2301224 0.4259842 0.2301224 0 P 0
L 0.4007874 0.2553192 0.4259842 0.2553192 0 P 0
L 0.4007874 0.3301224 0.4007874 0.3553192 0 P 0
L 0.4007874 0.3301224 0.4259842 0.3301224 0 P 0
L 0.4007874 0.3553192 0.4259842 0.3553192 0 P 0
L 0.4007874 0.4301224 0.4007874 0.4553192 0 P 0
L 0.4007874 0.4301224 0.4259842 0.4301224 0 P 0
L 0.4007874 0.4553192 0.4259842 0.4553192 0 P 0
L 0.4007874 0.5301224 0.4007874 0.5553192 0 P 0
L 0.4007874 0.5301224 0.4259842 0.5301224 0 P 0
L 0.4007874 0.5553192 0.4259842 0.5553192 0 P 0
L 0.4007874 0.6301224 0.4007874 0.6553192 0 P 0
L 0.4007874 0.6301224 0.4259842 0.6301224 0 P 0
L 0.4007874 0.6553192 0.4259842 0.6553192 0 P 0
L 0.4007874 0.7301224 0.4007874 0.7553192 0 P 0
L 0.4007874 0.7301224 0.4259842 0.7301224 0 P 0
L 0.4007874 0.7553192 0.4259842 0.7553192 0 P 0
L 0.4007874 0.8301224 0.4007874 0.8553192 0 P 0
L 0.4007874 0.8301224 0.4259842 0.8301224 0 P 0
L 0.4007874 0.8553192 0.4259842 0.8553192 0 P 0
L 0.4007874 0.9301224 0.4007874 0.9553192 0 P 0
L 0.4007874 0.9301224 0.4259842 0.9301224 0 P 0
L 0.4007874 0.9553192 0.4259842 0.9553192 0 P 0
L 0.4007874 1.0301224 0.4007874 1.0553192 0 P 0
L 0.4007874 1.0301224 0.4259842 1.0301224 0 P 0
L 0.4007874 1.0553192 0.4259842 1.0553192 0 P 0
L 0.4007874 1.1301224 0.4007874 1.1553192 0 P 0
L 0.4007874 1.1301224 0.4259842 1.1301224 0 P 0
L 0.4007874 1.1553192 0.4259842 1.1553192 0 P 0
L 0.4259842 0.2301224 0.4259842 0.2553192 0 P 0
L 0.4259842 0.3301224 0.4259842 0.3553192 0 P 0
L 0.4259842 0.4301224 0.4259842 0.4553192 0 P 0
L 0.4259842 0.5301224 0.4259842 0.5553192 0 P 0
L 0.4259842 0.6301224 0.4259842 0.6553192 0 P 0
L 0.4259842 0.7301224 0.4259842 0.7553192 0 P 0
L 0.4259842 0.8301224 0.4259842 0.8553192 0 P 0
L 0.4259842 0.9301224 0.4259842 0.9553192 0 P 0
L 0.4259842 1.0301224 0.4259842 1.0553192 0 P 0
L 0.4259842 1.1301224 0.4259842 1.1553192 0 P 0
L 0.4633858 0.2883901 0.4633858 1.0970515 0 P 0
L 0.4700263 0.0737204 0.4700263 0.0876968 0 P 0
L 0.4700263 0.0737204 0.4838058 0.0737204 0 P 0
L 0.4700263 0.0876968 0.4838058 0.0876968 0 P 0
L 0.4700263 0.111122 0.4700263 0.1250984 0 P 0
L 0.4700263 0.111122 0.4838058 0.111122 0 P 0
L 0.4700263 0.1250984 0.4838058 0.1250984 0 P 0
L 0.4700263 0.1485236 0.4700263 0.1625 0 P 0
L 0.4700263 0.1485236 0.4838058 0.1485236 0 P 0
L 0.4700263 0.1625 0.4838058 0.1625 0 P 0
L 0.4838058 0.0737204 0.4838058 0.0876968 0 P 0
L 0.4838058 0.111122 0.4838058 0.1250984 0 P 0
L 0.4838058 0.1485236 0.4838058 0.1625 0 P 0
L 0.4926641 0.0610236 0.4926641 0.1751968 0 P 0
L 0.4926641 0.0610236 0.5536877 0.0610236 0 P 0
L 0.4926641 0.1751968 0.5536877 0.1751968 0 P 0
L 0.4936959 0.2111666 0.4936959 0.2308516 0 P 0
L 0.4936959 0.2111666 0.4936959 0.2308516 0 P 0
L 0.4936959 0.2111666 0.5035384 0.2111666 0 P 0
L 0.4936959 0.2111666 0.5330659 0.2111666 0 P 0
L 0.4936959 0.2308516 0.5035384 0.2308516 0 P 0
L 0.4936959 0.2308516 0.5330659 0.2308516 0 P 0
L 0.5004369 0.2709138 0.5004369 0.2905988 0 P 0
L 0.5004369 0.2709138 0.5004369 0.2905988 0 P 0
L 0.5004369 0.2709138 0.5102794 0.2709138 0 P 0
L 0.5004369 0.2709138 0.5398069 0.2709138 0 P 0
L 0.5004369 0.2905988 0.5102794 0.2905988 0 P 0
L 0.5004369 0.2905988 0.5398069 0.2905988 0 P 0
L 0.5035384 0.2111666 0.5035384 0.2308516 0 P 0
L 0.5102794 0.2709138 0.5102794 0.2905988 0 P 0
L 0.5232234 0.2111666 0.5232234 0.2308516 0 P 0
L 0.5232234 0.2111666 0.5330659 0.2111666 0 P 0
L 0.5232234 0.2308516 0.5330659 0.2308516 0 P 0
L 0.5299644 0.2709138 0.5299644 0.2905988 0 P 0
L 0.5299644 0.2709138 0.5398069 0.2709138 0 P 0
L 0.5299644 0.2905988 0.5398069 0.2905988 0 P 0
L 0.5330659 0.2111666 0.5330659 0.2308516 0 P 0
L 0.5330659 0.2111666 0.5330659 0.2308516 0 P 0
L 0.5398069 0.2709138 0.5398069 0.2905988 0 P 0
L 0.5398069 0.2709138 0.5398069 0.2905988 0 P 0
L 0.5536877 0.0610236 0.5536877 0.1751968 0 P 0
L 0.5595571 0.452756 0.5595571 0.925197 0 P 0
L 0.5595571 0.452756 0.6759941 0.452756 0 P 0
L 0.5595571 0.925197 0.6759941 0.925197 0 P 0
L 0.562546 0.0737204 0.562546 0.0876968 0 P 0
L 0.562546 0.0737204 0.5763255 0.0737204 0 P 0
L 0.562546 0.0876968 0.5763255 0.0876968 0 P 0
L 0.562546 0.1485236 0.562546 0.1625 0 P 0
L 0.562546 0.1485236 0.5763255 0.1485236 0 P 0
L 0.562546 0.1625 0.5763255 0.1625 0 P 0
L 0.5665434 0.2681417 0.5665434 0.2799527 0 P 0
L 0.5665434 0.2681417 0.5783545 0.2681417 0 P 0
L 0.5665434 0.2799527 0.5783545 0.2799527 0 P 0
L 0.5744175 0.2582992 0.5744175 0.2897952 0 P 0
L 0.5744175 0.2582992 0.6216615 0.2582992 0 P 0
L 0.5744175 0.2897952 0.6216615 0.2897952 0 P 0
L 0.5763255 0.0737204 0.5763255 0.0876968 0 P 0
L 0.5763255 0.1485236 0.5763255 0.1625 0 P 0
L 0.5783545 0.2681417 0.5783545 0.2799527 0 P 0
L 0.5824779 1.1970465 0.5824779 1.2364165 0 P 0
L 0.5824779 1.1970465 0.6887771 1.1970465 0 P 0
L 0.5824779 1.2364165 0.6887771 1.2364165 0 P 0
L 0.5943975 0.32893 0.5943975 0.4076702 0 P 0
L 0.6101455 0.32893 0.6101455 0.4076702 0 P 0
L 0.6177245 0.2681417 0.6177245 0.2799527 0 P 0
L 0.6177245 0.2681417 0.6295356 0.2681417 0 P 0
L 0.6177245 0.2799527 0.6295356 0.2799527 0 P 0
L 0.6216615 0.2582992 0.6216615 0.2897952 0 P 0
L 0.6295356 0.2681417 0.6295356 0.2799527 0 P 0
L 0.6425515 0.0956141 0.6425515 0.1054566 0 P 0
L 0.6425515 0.0956141 0.6425515 0.1349841 0 P 0
L 0.6425515 0.0956141 0.6622365 0.0956141 0 P 0
L 0.6425515 0.0956141 0.6622365 0.0956141 0 P 0
L 0.6425515 0.1054566 0.6622365 0.1054566 0 P 0
L 0.6425515 0.1251416 0.6425515 0.1349841 0 P 0
L 0.6425515 0.1251416 0.6622365 0.1251416 0 P 0
L 0.6425515 0.1349841 0.6622365 0.1349841 0 P 0
L 0.6425515 0.1349841 0.6622365 0.1349841 0 P 0
L 0.6622365 0.0956141 0.6622365 0.1054566 0 P 0
L 0.6622365 0.0956141 0.6622365 0.1349841 0 P 0
L 0.6622365 0.1251416 0.6622365 0.1349841 0 P 0
L 0.6759941 0.452756 0.6759941 0.925197 0 P 0
L 0.6887771 1.1970465 0.6887771 1.2364165 0 P 0
L 0.8222709 0.0406181 0.8222709 0.0701456 0 P 0
L 0.8222709 0.0406181 0.861641 0.0406181 0 P 0
L 0.8222709 0.0701456 0.861641 0.0701456 0 P 0
L 0.8222709 0.1242796 0.8222709 0.1538071 0 P 0
L 0.8222709 0.1242796 0.861641 0.1242796 0 P 0
L 0.8222709 0.1538071 0.861641 0.1538071 0 P 0
L 0.8390032 0.0337284 0.8390032 0.1597126 0 P 0
L 0.8390032 0.0337284 1.0043576 0.0337284 0 P 0
L 0.8390032 0.1597126 1.0043576 0.1597126 0 P 0
L 0.8447868 0.9330709 0.8447868 1.2716535 0 P 0
L 0.8447868 0.9330709 0.923527 0.9330709 0 P 0
L 0.8447868 1.2716535 0.923527 1.2716535 0 P 0
L 0.861641 0.0406181 0.861641 0.0701456 0 P 0
L 0.861641 0.1242796 0.861641 0.1538071 0 P 0
L 0.8744999 0.2840157 0.8744999 0.5359843 0 P 0
L 0.8744999 0.2840157 1.1028463 0.2840157 0 P 0
L 0.8744999 0.5359843 1.1028463 0.5359843 0 P 0
L 0.923527 0.9330709 0.923527 1.2716535 0 P 0
L 0.9817198 0.0396339 0.9817198 0.0691614 0 P 0
L 0.9817198 0.0396339 1.0210899 0.0396339 0 P 0
L 0.9817198 0.0691614 1.0210899 0.0691614 0 P 0
L 0.9817198 0.1242796 0.9817198 0.1538071 0 P 0
L 0.9817198 0.1242796 1.0210899 0.1242796 0 P 0
L 0.9817198 0.1538071 1.0210899 0.1538071 0 P 0
L 1.0043576 0.0337284 1.0043576 0.1597126 0 P 0
L 1.0210899 0.0396339 1.0210899 0.0691614 0 P 0
L 1.0210899 0.1242796 1.0210899 0.1538071 0 P 0
L 1.1028463 0.2840157 1.1028463 0.5359843 0 P 0
L 1.125 0.6 1.125 1.2 0 P 0
L 1.125 0.6 1.225 0.6 0 P 0
L 1.125 1.2 1.225 1.2 0 P 0
L 1.2138819 0.0532713 1.2138819 0.1477595 0 P 0
L 1.2138819 0.0532713 1.4225433 0.0532713 0 P 0
L 1.2138819 0.1477595 1.4225433 0.1477595 0 P 0
L 1.225 0.6 1.225 1.2 0 P 0
L 1.4225433 0.0532713 1.4225433 0.1477595 0 P 0
L 1.4525197 0.0389764 1.4525197 1.3389764 0 P 0
L 1.4525197 0.0389764 1.8174803 0.0389764 0 P 0
L 1.4525197 1.3389764 1.8174803 1.3389764 0 P 0
L 1.8174803 0.0389764 1.8174803 1.3389764 0 P 0
L 2.0431102 0.4291339 2.0431102 0.9478347 0 P 0
L 2.0431102 0.4291339 2.3057086 0.4291339 0 P 0
L 2.0431102 0.9478347 2.3057086 0.9478347 0 P 0
L 2.1442699 0.993328 2.1442699 1.032698 0 P 0
L 2.1442699 0.993328 2.2505691 0.993328 0 P 0
L 2.1442699 1.032698 2.2505691 1.032698 0 P 0
L 2.2505691 0.993328 2.2505691 1.032698 0 P 0
L 2.3057086 0.4291339 2.3057086 0.9478347 0 P 0
